Multiple size <= 100
TEST 1 ARG:82 14 24 45 73 62 81 41 74 11 60 28 48 78 20 37 52 29 67 66 94 75 16 93 59 95 99 38 58 84 50 44 34 22 92 89 54 96 87 53 57 49 83 19 13 98 91 10 5 12 33 77 36 8 70 15 27 35 55 51 25 2 61 18 68 7 4 43 90 1 31 3 97 0 79 47 69 6 88 39 80 42 72 71 30 56 21 76 63 23 85 9 32 17 65 40 64 26 86 46
TEST 1 ARG:82 14 24 45 73 62 81 41 74 11 60 28 48 78 20 37 52 29 67 66 94 75 16 93 59 95 99 38 58 84 50 44 34 22 92 89 54 96 87 53 57 49 83 19 13 98 91 10 5 12 33 77 36 8 70 15 27 35 55 51 25 2 61 18 68 7 4 43 90 1 31 3 97 0 79 47 69 6 88 39 80 42 72 71 30 56 21 76 63 23 85 9 32 17 65 40 64 26 86 46
TEST 2 ARG:30 27 91 61 43 8 55 33 63 86 79 15 13 17 92 3 85 26 90 4 25 7 34 22 83 89 46 69 12 68 81 2 6 78 14 45 0 50 52 99 21 93 74 9 57 96 67 39 24 36 70 77 16 35 10 94 64 18 44 98 51 60 5 71 65 37 20 58 56 23 48 95 11 1 31 38 42 97 29 88 73 41 82 32 28 49 87 40 80 59 76 72 62 54 53 19 84 47 66 75
TEST 2 ARG:30 27 91 61 43 8 55 33 63 86 79 15 13 17 92 3 85 26 90 4 25 7 34 22 83 89 46 69 12 68 81 2 6 78 14 45 0 50 52 99 21 93 74 9 57 96 67 39 24 36 70 77 16 35 10 94 64 18 44 98 51 60 5 71 65 37 20 58 56 23 48 95 11 1 31 38 42 97 29 88 73 41 82 32 28 49 87 40 80 59 76 72 62 54 53 19 84 47 66 75
TEST 3 ARG:16 83 41 21 99 9 80 37 32 33 48 68 52 66 6 51 89 24 4 75 60 7 20 43 81 10 71 63 55 61 5 73 17 91 70 84 47 30 8 53 86 97 38 46 69 77 56 31 64 50 90 12 23 35 40 25 14 34 54 76 39 79 87 11 18 85 95 59 88 65 72 96 13 42 74 62 57 58 15 44 93 0 82 1 29 92 78 28 67 45 19 3 22 49 26 36 98 27 94 2
TEST 3 ARG:16 83 41 21 99 9 80 37 32 33 48 68 52 66 6 51 89 24 4 75 60 7 20 43 81 10 71 63 55 61 5 73 17 91 70 84 47 30 8 53 86 97 38 46 69 77 56 31 64 50 90 12 23 35 40 25 14 34 54 76 39 79 87 11 18 85 95 59 88 65 72 96 13 42 74 62 57 58 15 44 93 0 82 1 29 92 78 28 67 45 19 3 22 49 26 36 98 27 94 2
TEST 4 ARG:50 82 88 80 96 42 17 60 94 81 47 23 55 37 62 20 28 70 6 25 72 53 57 99 95 8 26 36 21 46 19 64 38 51 49 41 98 58 73 24 91 75 90 27 87 63 14 66 76 5 65 52 35 92 61 10 48 67 1 68 78 56 9 2 39 69 15 74 79 85 3 16 34 84 54 45 13 71 97 0 12 30 32 44 83 11 43 40 86 77 4 59 33 22 18 31 7 29 93 89
TEST 4 ARG:50 82 88 80 96 42 17 60 94 81 47 23 55 37 62 20 28 70 6 25 72 53 57 99 95 8 26 36 21 46 19 64 38 51 49 41 98 58 73 24 91 75 90 27 87 63 14 66 76 5 65 52 35 92 61 10 48 67 1 68 78 56 9 2 39 69 15 74 79 85 3 16 34 84 54 45 13 71 97 0 12 30 32 44 83 11 43 40 86 77 4 59 33 22 18 31 7 29 93 89
TEST 5 ARG:78 82 50 59 49 96 88 95 63 5 52 68 72 8 77 73 71 35 7 65 36 43 42 79 60 11 19 64 14 24 1 32 92 39 17 25 27 3 55 74 0 56 76 10 33 38 84 97 22 62 12 93 99 29 54 90 91 34 67 87 94 61 45 21 51 57 80 28 18 20 66 4 75 16 70 44 58 48 6 2 13 40 9 81 31 37 47 85 26 46 89 15 69 30 83 98 41 23 53 86
TEST 5 ARG:78 82 50 59 49 96 88 95 63 5 52 68 72 8 77 73 71 35 7 65 36 43 42 79 60 11 19 64 14 24 1 32 92 39 17 25 27 3 55 74 0 56 76 10 33 38 84 97 22 62 12 93 99 29 54 90 91 34 67 87 94 61 45 21 51 57 80 28 18 20 66 4 75 16 70 44 58 48 6 2 13 40 9 81 31 37 47 85 26 46 89 15 69 30 83 98 41 23 53 86
TEST 6 ARG:79 64 69 94 77 59 86 19 78 97 89 26 70 39 30 5 76 6 88 34 60 38 83 91 58 9 43 15 71 68 95 62 46 75 16 98 42 41 45 10 50 40 82 92 22 57 53 61 18 96 17 35 54 14 65 12 33 44 55 0 48 67 7 4 51 37 74 21 80 36 73 72 27 63 25 47 1 85 56 8 13 28 24 23 11 49 3 20 52 29 2 84 31 93 32 66 87 99 90 81
TEST 6 ARG:79 64 69 94 77 59 86 19 78 97 89 26 70 39 30 5 76 6 88 34 60 38 83 91 58 9 43 15 71 68 95 62 46 75 16 98 42 41 45 10 50 40 82 92 22 57 53 61 18 96 17 35 54 14 65 12 33 44 55 0 48 67 7 4 51 37 74 21 80 36 73 72 27 63 25 47 1 85 56 8 13 28 24 23 11 49 3 20 52 29 2 84 31 93 32 66 87 99 90 81
TEST 7 ARG:89 68 97 0 94 53 72 67 3 84 73 26 77 21 33 22 14 27 8 61 63 49 82 34 71 93 69 1 85 4 76 7 51 50 48 98 45 44 47 20 12 59 64 55 70 88 23 62 96 36 25 87 86 92 32 38 24 43 56 83 95 80 65 39 57 5 15 81 90 66 99 28 35 31 29 75 60 11 78 6 42 46 13 9 19 91 54 2 58 79 41 74 40 16 52 37 18 17 10 30
TEST 7 ARG:89 68 97 0 94 53 72 67 3 84 73 26 77 21 33 22 14 27 8 61 63 49 82 34 71 93 69 1 85 4 76 7 51 50 48 98 45 44 47 20 12 59 64 55 70 88 23 62 96 36 25 87 86 92 32 38 24 43 56 83 95 80 65 39 57 5 15 81 90 66 99 28 35 31 29 75 60 11 78 6 42 46 13 9 19 91 54 2 58 79 41 74 40 16 52 37 18 17 10 30
TEST 8 ARG:15 75 33 73 30 71 78 44 50 37 61 95 45 63 32 77 87 26 53 22 0 70 46 69 11 10 31 83 29 65 25 94 72 54 5 93 88 62 8 17 49 43 18 51 79 20 92 81 99 14 21 91 96 7 84 24 60 48 90 97 82 38 36 1 9 13 64 98 58 16 47 52 67 19 68 34 56 57 27 55 40 39 2 42 74 76 6 28 12 23 66 4 86 59 41 80 3 85 89 35
TEST 8 ARG:15 75 33 73 30 71 78 44 50 37 61 95 45 63 32 77 87 26 53 22 0 70 46 69 11 10 31 83 29 65 25 94 72 54 5 93 88 62 8 17 49 43 18 51 79 20 92 81 99 14 21 91 96 7 84 24 60 48 90 97 82 38 36 1 9 13 64 98 58 16 47 52 67 19 68 34 56 57 27 55 40 39 2 42 74 76 6 28 12 23 66 4 86 59 41 80 3 85 89 35
TEST 9 ARG:73 47 99 31 38 94 4 92 57 74 49 34 89 14 72 93 60 0 81 64 2 43 33 58 1 52 54 86 80 70 30 41 67 46 91 9 68 71 26 62 23 87 50 42 10 40 18 79 45 78 56 69 51 65 27 96 25 36 35 24 55 21 76 11 95 3 83 39 37 98 82 44 29 28 8 22 48 19 13 84 20 53 90 15 88 66 75 59 7 6 16 61 63 17 85 12 5 32 77 97
TEST 9 ARG:73 47 99 31 38 94 4 92 57 74 49 34 89 14 72 93 60 0 81 64 2 43 33 58 1 52 54 86 80 70 30 41 67 46 91 9 68 71 26 62 23 87 50 42 10 40 18 79 45 78 56 69 51 65 27 96 25 36 35 24 55 21 76 11 95 3 83 39 37 98 82 44 29 28 8 22 48 19 13 84 20 53 90 15 88 66 75 59 7 6 16 61 63 17 85 12 5 32 77 97
TEST 10 ARG:35 36 16 67 7 37 79 98 29 49 81 20 38 19 6 5 43 94 22 60 76 28 87 12 50 13 48 89 9 24 78 1 59 85 17 58 21 95 40 61 14 56 47 53 77 62 10 2 45 68 31 0 90 73 71 74 80 18 88 52 91 25 30 72 86 34 57 75 63 64 54 41 99 96 65 4 82 70 11 84 44 32 26 51 66 3 33 83 23 8 97 92 42 27 39 93 55 46 69 15
TEST 10 ARG:35 36 16 67 7 37 79 98 29 49 81 20 38 19 6 5 43 94 22 60 76 28 87 12 50 13 48 89 9 24 78 1 59 85 17 58 21 95 40 61 14 56 47 53 77 62 10 2 45 68 31 0 90 73 71 74 80 18 88 52 91 25 30 72 86 34 57 75 63 64 54 41 99 96 65 4 82 70 11 84 44 32 26 51 66 3 33 83 23 8 97 92 42 27 39 93 55 46 69 15
TEST 11 ARG:41 68 1 63 4 70 89 61 28 90 23 42 43 78 9 95 24 21 46 50 29 60 17 82 51 65 77 15 76 74 8 80 47 75 11 6 71 30 14 25 22 45 53 0 97 88 16 79 54 39 93 5 81 10 94 55 57 92 19 36 33 35 87 7 64 69 52 73 58 12 49 84 40 86 13 67 62 27 34 83 38 20 99 56 98 32 31 18 44 66 37 2 59 48 96 26 72 85 91 3
TEST 11 ARG:41 68 1 63 4 70 89 61 28 90 23 42 43 78 9 95 24 21 46 50 29 60 17 82 51 65 77 15 76 74 8 80 47 75 11 6 71 30 14 25 22 45 53 0 97 88 16 79 54 39 93 5 81 10 94 55 57 92 19 36 33 35 87 7 64 69 52 73 58 12 49 84 40 86 13 67 62 27 34 83 38 20 99 56 98 32 31 18 44 66 37 2 59 48 96 26 72 85 91 3
TEST 12 ARG:77 18 12 61 68 94 40 14 37 33 79 89 50 60 10 23 90 59 43 49 64 47 51 70 87 57 32 85 2 36 67 31 35 34 29 80 72 4 78 3 54 27 84 20 45 22 55 71 16 44 62 19 38 82 41 83 25 69 63 56 93 52 95 98 48 11 15 8 58 73 7 91 81 42 76 65 74 21 96 13 6 53 92 97 28 9 0 39 66 46 17 88 1 99 75 26 24 5 86 30
TEST 12 ARG:77 18 12 61 68 94 40 14 37 33 79 89 50 60 10 23 90 59 43 49 64 47 51 70 87 57 32 85 2 36 67 31 35 34 29 80 72 4 78 3 54 27 84 20 45 22 55 71 16 44 62 19 38 82 41 83 25 69 63 56 93 52 95 98 48 11 15 8 58 73 7 91 81 42 76 65 74 21 96 13 6 53 92 97 28 9 0 39 66 46 17 88 1 99 75 26 24 5 86 30
TEST 13 ARG:84 30 39 61 71 13 82 73 90 83 59 42 20 80 4 97 92 57 68 15 74 27 94 55 22 96 2 51 54 89 58 48 31 98 9 29 53 81 60 75 12 34 0 50 14 63 1 78 66 10 35 67 69 45 17 38 32 44 79 16 8 99 19 64 52 62 41 49 23 25 77 95 24 40 5 36 85 26 7 3 76 18 46 70 6 37 93 33 11 56 87 43 72 65 28 21 47 86 88 91
TEST 13 ARG:84 30 39 61 71 13 82 73 90 83 59 42 20 80 4 97 92 57 68 15 74 27 94 55 22 96 2 51 54 89 58 48 31 98 9 29 53 81 60 75 12 34 0 50 14 63 1 78 66 10 35 67 69 45 17 38 32 44 79 16 8 99 19 64 52 62 41 49 23 25 77 95 24 40 5 36 85 26 7 3 76 18 46 70 6 37 93 33 11 56 87 43 72 65 28 21 47 86 88 91
TEST 14 ARG:93 48 20 38 14 72 77 7 83 6 79 82 5 87 18 19 56 52 84 75 76 15 74 13 35 95 17 23 59 62 60 3 44 46 22 2 86 96 25 57 11 85 71 29 24 42 64 80 28 69 9 55 43 94 66 70 99 63 0 92 98 91 16 8 73 58 36 31 53 97 88 37 41 27 47 33 49 26 30 54 81 61 40 90 50 45 21 65 34 78 12 10 39 68 51 67 4 89 32 1
TEST 14 ARG:93 48 20 38 14 72 77 7 83 6 79 82 5 87 18 19 56 52 84 75 76 15 74 13 35 95 17 23 59 62 60 3 44 46 22 2 86 96 25 57 11 85 71 29 24 42 64 80 28 69 9 55 43 94 66 70 99 63 0 92 98 91 16 8 73 58 36 31 53 97 88 37 41 27 47 33 49 26 30 54 81 61 40 90 50 45 21 65 34 78 12 10 39 68 51 67 4 89 32 1
TEST 15 ARG:38 58 5 82 73 53 8 28 74 44 96 69 37 16 6 67 70 49 20 9 76 15 17 11 51 25 2 40 66 89 3 91 23 94 7 1 95 99 63 61 26 46 39 83 24 0 57 47 60 29 10 19 42 27 84 18 45 62 79 21 50 98 59 72 80 32 41 12 52 13 4 97 48 64 33 22 34 77 88 36 14 65 43 81 87 85 78 35 75 92 71 30 56 86 31 93 90 68 55 54
TEST 15 ARG:38 58 5 82 73 53 8 28 74 44 96 69 37 16 6 67 70 49 20 9 76 15 17 11 51 25 2 40 66 89 3 91 23 94 7 1 95 99 63 61 26 46 39 83 24 0 57 47 60 29 10 19 42 27 84 18 45 62 79 21 50 98 59 72 80 32 41 12 52 13 4 97 48 64 33 22 34 77 88 36 14 65 43 81 87 85 78 35 75 92 71 30 56 86 31 93 90 68 55 54
TEST 16 ARG:56 25 63 43 44 1 10 73 11 50 87 92 96 28 74 0 78 70 95 3 68 55 19 27 66 52 41 8 49 93 23 53 85 99 76 48 16 81 20 82 51 69 36 79 4 30 98 34 2 91 60 22 75 33 58 35 88 47 17 6 77 38 24 86 65 80 40 21 29 31 89 72 13 90 57 12 61 39 62 94 42 32 26 71 9 67 64 46 15 37 7 5 18 59 14 97 84 54 45 83
TEST 16 ARG:56 25 63 43 44 1 10 73 11 50 87 92 96 28 74 0 78 70 95 3 68 55 19 27 66 52 41 8 49 93 23 53 85 99 76 48 16 81 20 82 51 69 36 79 4 30 98 34 2 91 60 22 75 33 58 35 88 47 17 6 77 38 24 86 65 80 40 21 29 31 89 72 13 90 57 12 61 39 62 94 42 32 26 71 9 67 64 46 15 37 7 5 18 59 14 97 84 54 45 83
TEST 17 ARG:65 76 95 53 19 32 82 58 11 67 85 8 88 13 20 94 48 63 26 21 43 52 17 25 90 36 28 97 45 70 91 89 71 15 46 0 3 73 14 49 16 40 7 98 33 83 84 29 77 30 22 68 47 60 50 42 35 5 1 87 34 4 92 54 86 78 99 96 6 75 37 39 31 74 80 27 2 41 51 79 18 81 61 66 57 23 56 69 62 24 10 55 9 44 93 38 12 64 72 59
TEST 17 ARG:65 76 95 53 19 32 82 58 11 67 85 8 88 13 20 94 48 63 26 21 43 52 17 25 90 36 28 97 45 70 91 89 71 15 46 0 3 73 14 49 16 40 7 98 33 83 84 29 77 30 22 68 47 60 50 42 35 5 1 87 34 4 92 54 86 78 99 96 6 75 37 39 31 74 80 27 2 41 51 79 18 81 61 66 57 23 56 69 62 24 10 55 9 44 93 38 12 64 72 59
TEST 18 ARG:91 9 55 79 69 66 40 3 0 89 24 56 22 16 83 71 58 93 27 74 35 86 82 48 85 29 11 38 57 54 12 92 15 4 59 64 36 31 33 6 10 26 87 14 7 42 30 99 62 47 25 23 73 5 52 63 67 13 41 1 49 53 51 97 28 68 94 96 61 98 70 46 77 84 20 65 37 17 2 45 76 8 39 95 78 50 90 32 34 80 72 21 75 18 43 60 88 44 81 19
TEST 18 ARG:91 9 55 79 69 66 40 3 0 89 24 56 22 16 83 71 58 93 27 74 35 86 82 48 85 29 11 38 57 54 12 92 15 4 59 64 36 31 33 6 10 26 87 14 7 42 30 99 62 47 25 23 73 5 52 63 67 13 41 1 49 53 51 97 28 68 94 96 61 98 70 46 77 84 20 65 37 17 2 45 76 8 39 95 78 50 90 32 34 80 72 21 75 18 43 60 88 44 81 19
TEST 19 ARG:15 13 30 44 37 0 89 78 61 65 11 43 70 59 84 5 18 88 49 38 42 17 67 32 86 60 64 45 1 34 53 66 62 52 41 56 96 29 39 8 82 75 9 95 55 74 16 87 27 73 68 57 31 58 2 54 10 99 92 25 83 93 90 81 69 94 46 36 28 14 20 97 6 76 21 40 80 26 71 12 47 4 51 22 33 72 35 79 23 77 19 50 48 85 3 24 98 63 7 91
TEST 19 ARG:15 13 30 44 37 0 89 78 61 65 11 43 70 59 84 5 18 88 49 38 42 17 67 32 86 60 64 45 1 34 53 66 62 52 41 56 96 29 39 8 82 75 9 95 55 74 16 87 27 73 68 57 31 58 2 54 10 99 92 25 83 93 90 81 69 94 46 36 28 14 20 97 6 76 21 40 80 26 71 12 47 4 51 22 33 72 35 79 23 77 19 50 48 85 3 24 98 63 7 91
TEST 20 ARG:53 1 97 24 7 29 95 78 86 57 47 18 20 69 77 93 61 84 96 89 48 71 17 67 26 80 75 23 42 25 36 79 9 65 10 12 40 41 30 35 55 92 76 59 66 64 3 21 37 91 51 46 81 62 72 60 11 98 49 27 99 19 22 56 43 28 44 73 63 85 5 88 38 58 39 14 70 15 54 32 82 68 52 6 34 50 2 31 74 83 90 13 33 45 4 94 8 0 16 87
TEST 20 ARG:53 1 97 24 7 29 95 78 86 57 47 18 20 69 77 93 61 84 96 89 48 71 17 67 26 80 75 23 42 25 36 79 9 65 10 12 40 41 30 35 55 92 76 59 66 64 3 21 37 91 51 46 81 62 72 60 11 98 49 27 99 19 22 56 43 28 44 73 63 85 5 88 38 58 39 14 70 15 54 32 82 68 52 6 34 50 2 31 74 83 90 13 33 45 4 94 8 0 16 87
TEST 21 ARG:93 29 45 16 84 43 30 41 36 14 13 86 78 3 27 57 8 66 56 59 31 73 79 62 26 9 60 44 82 68 50 7 63 5 53 46 87 21 65 95 88 47 48 69 28 2 17 94 81 55 80 33 6 89 34 96 90 35 0 12 25 97 18 61 74 4 64 23 58 91 67 10 37 1 40 32 77 92 71 54 99 70 15 51 76 83 52 75 19 20 22 11 24 38 72 49 85 39 98 42
TEST 21 ARG:93 29 45 16 84 43 30 41 36 14 13 86 78 3 27 57 8 66 56 59 31 73 79 62 26 9 60 44 82 68 50 7 63 5 53 46 87 21 65 95 88 47 48 69 28 2 17 94 81 55 80 33 6 89 34 96 90 35 0 12 25 97 18 61 74 4 64 23 58 91 67 10 37 1 40 32 77 92 71 54 99 70 15 51 76 83 52 75 19 20 22 11 24 38 72 49 85 39 98 42
TEST 22 ARG:5 0 87 92 89 38 94 9 56 16 57 62 33 23 17 93 6 91 70 61 47 81 78 66 74 85 1 51 31 97 12 55 64 2 13 22 69 45 11 63 35 26 3 49 52 41 30 27 82 88 37 68 75 44 79 20 95 21 50 83 53 71 86 8 4 96 67 29 59 65 84 34 25 32 98 58 19 7 40 42 15 73 54 24 60 43 80 36 18 72 77 46 90 99 10 76 14 48 39 28
TEST 22 ARG:5 0 87 92 89 38 94 9 56 16 57 62 33 23 17 93 6 91 70 61 47 81 78 66 74 85 1 51 31 97 12 55 64 2 13 22 69 45 11 63 35 26 3 49 52 41 30 27 82 88 37 68 75 44 79 20 95 21 50 83 53 71 86 8 4 96 67 29 59 65 84 34 25 32 98 58 19 7 40 42 15 73 54 24 60 43 80 36 18 72 77 46 90 99 10 76 14 48 39 28
TEST 23 ARG:94 16 50 11 84 9 25 74 49 65 82 61 27 48 62 73 2 44 24 53 56 76 88 1 71 70 63 35 3 30 29 99 33 78 90 18 87 40 19 39 85 91 37 64 95 51 45 23 89 0 13 79 6 96 69 59 43 54 98 41 86 36 21 67 31 66 42 7 68 20 38 17 28 46 77 57 14 5 52 97 81 8 80 47 93 55 34 83 58 92 12 22 15 32 26 60 10 4 75 72
TEST 23 ARG:94 16 50 11 84 9 25 74 49 65 82 61 27 48 62 73 2 44 24 53 56 76 88 1 71 70 63 35 3 30 29 99 33 78 90 18 87 40 19 39 85 91 37 64 95 51 45 23 89 0 13 79 6 96 69 59 43 54 98 41 86 36 21 67 31 66 42 7 68 20 38 17 28 46 77 57 14 5 52 97 81 8 80 47 93 55 34 83 58 92 12 22 15 32 26 60 10 4 75 72
TEST 24 ARG:10 29 59 76 44 88 25 7 87 61 27 41 81 39 14 86 79 78 16 38 89 62 28 94 18 30 71 4 13 73 11 35 97 1 15 31 21 20 37 36 12 9 99 64 70 47 83 98 53 72 8 56 5 0 90 40 63 19 60 42 85 66 48 68 23 82 3 32 91 57 67 75 93 26 58 50 46 45 43 69 74 17 84 52 55 33 65 24 95 51 2 22 49 77 6 80 54 34 96 92
TEST 24 ARG:10 29 59 76 44 88 25 7 87 61 27 41 81 39 14 86 79 78 16 38 89 62 28 94 18 30 71 4 13 73 11 35 97 1 15 31 21 20 37 36 12 9 99 64 70 47 83 98 53 72 8 56 5 0 90 40 63 19 60 42 85 66 48 68 23 82 3 32 91 57 67 75 93 26 58 50 46 45 43 69 74 17 84 52 55 33 65 24 95 51 2 22 49 77 6 80 54 34 96 92
TEST 25 ARG:81 28 41 44 46 74 57 69 9 34 16 32 94 54 59 1 93 87 35 31 26 80 65 6 25 97 48 66 37 55 39 76 51 61 63 85 30 21 70 14 20 42 86 0 8 91 67 13 72 73 56 49 53 90 78 62 58 3 99 4 71 77 52 36 38 84 68 24 12 60 33 18 11 96 45 19 17 47 7 40 79 92 2 83 27 88 98 75 23 5 22 82 89 95 10 15 43 64 50 29
TEST 25 ARG:81 28 41 44 46 74 57 69 9 34 16 32 94 54 59 1 93 87 35 31 26 80 65 6 25 97 48 66 37 55 39 76 51 61 63 85 30 21 70 14 20 42 86 0 8 91 67 13 72 73 56 49 53 90 78 62 58 3 99 4 71 77 52 36 38 84 68 24 12 60 33 18 11 96 45 19 17 47 7 40 79 92 2 83 27 88 98 75 23 5 22 82 89 95 10 15 43 64 50 29
TEST 26 ARG:20 25 40 90 53 2 77 56 31 26 64 43 30 97 6 84 70 76 74 44 21 22 86 63 55 35 10 91 16 57 9 89 54 78 34 52 37 83 51 39 82 87 85 12 73 49 75 69 79 5 7 32 61 48 42 13 27 33 99 11 88 15 68 93 60 19 71 96 47 24 0 8 67 50 45 23 4 80 72 36 29 81 92 3 1 95 59 62 18 94 28 66 98 65 41 38 58 14 17 46
TEST 26 ARG:20 25 40 90 53 2 77 56 31 26 64 43 30 97 6 84 70 76 74 44 21 22 86 63 55 35 10 91 16 57 9 89 54 78 34 52 37 83 51 39 82 87 85 12 73 49 75 69 79 5 7 32 61 48 42 13 27 33 99 11 88 15 68 93 60 19 71 96 47 24 0 8 67 50 45 23 4 80 72 36 29 81 92 3 1 95 59 62 18 94 28 66 98 65 41 38 58 14 17 46
TEST 27 ARG:5 70 6 64 65 31 96 3 28 68 12 23 56 47 33 76 89 1 14 2 13 82 67 34 35 90 29 50 84 95 72 30 52 40 42 26 71 51 78 39 7 15 0 87 98 17 80 22 19 79 81 20 74 86 77 36 61 62 92 32 57 83 9 46 85 93 66 8 63 27 60 88 91 55 69 41 37 54 10 59 4 44 16 99 24 58 43 11 45 94 53 48 75 38 49 97 73 18 21 25
TEST 27 ARG:5 70 6 64 65 31 96 3 28 68 12 23 56 47 33 76 89 1 14 2 13 82 67 34 35 90 29 50 84 95 72 30 52 40 42 26 71 51 78 39 7 15 0 87 98 17 80 22 19 79 81 20 74 86 77 36 61 62 92 32 57 83 9 46 85 93 66 8 63 27 60 88 91 55 69 41 37 54 10 59 4 44 16 99 24 58 43 11 45 94 53 48 75 38 49 97 73 18 21 25
TEST 28 ARG:1 26 81 22 79 53 23 62 46 33 74 93 56 83 87 5 75 96 30 84 55 32 10 21 40 41 6 47 4 54 67 2 90 97 19 98 70 78 3 59 86 38 31 44 57 91 58 18 48 64 77 20 49 60 43 9 45 7 95 65 24 27 15 0 39 12 68 92 73 11 13 17 71 42 72 94 52 51 28 29 66 37 69 61 80 82 76 85 88 35 16 99 63 34 14 8 25 50 89 36
TEST 28 ARG:1 26 81 22 79 53 23 62 46 33 74 93 56 83 87 5 75 96 30 84 55 32 10 21 40 41 6 47 4 54 67 2 90 97 19 98 70 78 3 59 86 38 31 44 57 91 58 18 48 64 77 20 49 60 43 9 45 7 95 65 24 27 15 0 39 12 68 92 73 11 13 17 71 42 72 94 52 51 28 29 66 37 69 61 80 82 76 85 88 35 16 99 63 34 14 8 25 50 89 36
TEST 29 ARG:54 92 71 31 98 83 27 10 96 29 74 68 32 15 11 97 5 88 59 6 56 20 2 38 76 65 93 21 17 23 67 85 86 33 37 80 84 12 45 13 26 95 66 28 3 40 7 70 30 72 14 18 4 73 48 64 82 94 53 61 41 16 52 35 63 36 55 90 39 77 22 75 0 50 47 42 69 9 24 1 19 58 34 91 87 51 44 43 49 60 25 78 79 62 89 57 99 46 81 8
TEST 29 ARG:54 92 71 31 98 83 27 10 96 29 74 68 32 15 11 97 5 88 59 6 56 20 2 38 76 65 93 21 17 23 67 85 86 33 37 80 84 12 45 13 26 95 66 28 3 40 7 70 30 72 14 18 4 73 48 64 82 94 53 61 41 16 52 35 63 36 55 90 39 77 22 75 0 50 47 42 69 9 24 1 19 58 34 91 87 51 44 43 49 60 25 78 79 62 89 57 99 46 81 8
TEST 30 ARG:4 50 60 1 9 67 93 13 8 68 90 57 89 87 53 46 63 32 79 99 23 49 95 61 51 22 72 64 14 25 71 98 18 29 91 59 36 84 66 48 37 3 19 86 42 39 38 75 7 21 33 2 80 88 69 6 78 15 16 47 55 82 74 52 58 54 27 81 56 96 12 5 24 92 45 41 30 83 28 76 65 34 31 17 73 44 62 10 35 11 26 97 0 20 40 94 77 70 43 85
TEST 30 ARG:4 50 60 1 9 67 93 13 8 68 90 57 89 87 53 46 63 32 79 99 23 49 95 61 51 22 72 64 14 25 71 98 18 29 91 59 36 84 66 48 37 3 19 86 42 39 38 75 7 21 33 2 80 88 69 6 78 15 16 47 55 82 74 52 58 54 27 81 56 96 12 5 24 92 45 41 30 83 28 76 65 34 31 17 73 44 62 10 35 11 26 97 0 20 40 94 77 70 43 85
TEST 31 ARG:4 69 36 92 74 24 80 93 9 86 99 12 97 98 62 13 68 64 38 91 15 20 46 76 48 51 3 28 32 47 29 2 21 0 5 17 11 45 75 73 49 82 83 37 79 55 44 56 70 1 43 35 41 8 65 16 63 58 59 33 81 18 54 96 67 31 40 71 22 50 61 89 77 94 42 34 26 85 95 10 88 66 90 30 27 39 52 78 60 84 57 87 7 19 25 6 23 14 72 53
TEST 31 ARG:4 69 36 92 74 24 80 93 9 86 99 12 97 98 62 13 68 64 38 91 15 20 46 76 48 51 3 28 32 47 29 2 21 0 5 17 11 45 75 73 49 82 83 37 79 55 44 56 70 1 43 35 41 8 65 16 63 58 59 33 81 18 54 96 67 31 40 71 22 50 61 89 77 94 42 34 26 85 95 10 88 66 90 30 27 39 52 78 60 84 57 87 7 19 25 6 23 14 72 53
TEST 32 ARG:71 48 51 52 66 49 77 43 73 8 21 84 76 74 54 59 80 65 47 6 24 17 18 11 30 12 92 72 75 53 86 46 68 56 32 61 27 41 62 67 26 79 31 2 50 58 64 0 3 20 37 16 89 85 29 83 55 90 35 39 40 81 63 82 14 99 22 5 87 93 38 25 36 96 13 4 23 42 57 1 28 15 70 44 34 98 78 9 88 60 7 97 94 91 19 69 45 33 95 10
TEST 32 ARG:71 48 51 52 66 49 77 43 73 8 21 84 76 74 54 59 80 65 47 6 24 17 18 11 30 12 92 72 75 53 86 46 68 56 32 61 27 41 62 67 26 79 31 2 50 58 64 0 3 20 37 16 89 85 29 83 55 90 35 39 40 81 63 82 14 99 22 5 87 93 38 25 36 96 13 4 23 42 57 1 28 15 70 44 34 98 78 9 88 60 7 97 94 91 19 69 45 33 95 10
TEST 33 ARG:15 98 60 7 78 99 45 33 76 79 95 14 30 27 46 52 55 67 11 53 23 54 20 10 57 29 12 86 39 94 4 70 35 47 34 85 77 58 41 59 51 66 48 28 73 38 64 83 44 92 26 71 63 62 32 90 37 82 81 50 61 75 8 1 72 68 16 91 21 5 6 36 42 19 18 3 88 96 9 17 80 65 25 40 0 93 13 87 89 49 69 31 24 56 22 43 2 97 84 74
TEST 33 ARG:15 98 60 7 78 99 45 33 76 79 95 14 30 27 46 52 55 67 11 53 23 54 20 10 57 29 12 86 39 94 4 70 35 47 34 85 77 58 41 59 51 66 48 28 73 38 64 83 44 92 26 71 63 62 32 90 37 82 81 50 61 75 8 1 72 68 16 91 21 5 6 36 42 19 18 3 88 96 9 17 80 65 25 40 0 93 13 87 89 49 69 31 24 56 22 43 2 97 84 74
TEST 34 ARG:53 77 15 25 17 1 4 38 74 84 23 6 26 85 64 57 52 72 69 27 22 40 73 55 5 54 42 43 10 20 91 49 59 46 80 90 36 35 34 0 48 99 89 71 68 61 56 32 98 65 14 47 2 3 51 50 13 83 9 93 86 31 96 28 37 16 97 82 95 39 8 45 70 11 63 29 7 44 92 81 78 58 24 87 33 88 79 62 18 19 76 21 30 41 75 60 67 94 12 66
TEST 34 ARG:53 77 15 25 17 1 4 38 74 84 23 6 26 85 64 57 52 72 69 27 22 40 73 55 5 54 42 43 10 20 91 49 59 46 80 90 36 35 34 0 48 99 89 71 68 61 56 32 98 65 14 47 2 3 51 50 13 83 9 93 86 31 96 28 37 16 97 82 95 39 8 45 70 11 63 29 7 44 92 81 78 58 24 87 33 88 79 62 18 19 76 21 30 41 75 60 67 94 12 66
TEST 35 ARG:25 73 8 80 51 47 96 91 88 53 18 12 2 57 1 9 24 79 97 44 27 22 16 13 93 77 28 65 55 10 38 63 17 85 50 39 76 42 36 78 66 31 15 59 56 81 87 5 84 98 33 58 90 34 45 29 35 54 60 46 37 21 67 69 43 74 52 68 61 40 3 83 95 86 82 41 19 20 92 99 49 23 71 75 62 26 94 4 72 32 0 48 30 14 89 11 6 70 64 7
TEST 35 ARG:25 73 8 80 51 47 96 91 88 53 18 12 2 57 1 9 24 79 97 44 27 22 16 13 93 77 28 65 55 10 38 63 17 85 50 39 76 42 36 78 66 31 15 59 56 81 87 5 84 98 33 58 90 34 45 29 35 54 60 46 37 21 67 69 43 74 52 68 61 40 3 83 95 86 82 41 19 20 92 99 49 23 71 75 62 26 94 4 72 32 0 48 30 14 89 11 6 70 64 7
TEST 36 ARG:75 10 44 68 6 29 82 1 91 3 9 93 32 57 28 37 31 71 62 92 26 16 21 74 5 49 65 12 63 19 95 52 11 77 38 99 30 0 41 96 25 42 55 73 64 84 47 23 22 60 43 14 40 97 54 51 46 53 86 70 66 79 69 27 87 48 59 80 78 98 20 89 15 90 94 24 18 83 4 88 34 2 45 17 35 7 56 8 50 76 39 67 72 85 13 81 36 61 58 33
TEST 36 ARG:75 10 44 68 6 29 82 1 91 3 9 93 32 57 28 37 31 71 62 92 26 16 21 74 5 49 65 12 63 19 95 52 11 77 38 99 30 0 41 96 25 42 55 73 64 84 47 23 22 60 43 14 40 97 54 51 46 53 86 70 66 79 69 27 87 48 59 80 78 98 20 89 15 90 94 24 18 83 4 88 34 2 45 17 35 7 56 8 50 76 39 67 72 85 13 81 36 61 58 33
TEST 37 ARG:6 15 20 98 44 42 77 97 51 89 25 11 80 87 31 78 72 65 58 35 88 38 68 92 71 70 96 28 55 54 83 4 8 57 22 23 32 60 29 33 3 81 86 9 59 52 53 69 91 47 2 24 74 67 5 79 1 14 10 43 84 85 49 95 19 30 21 50 26 82 61 45 62 27 48 40 41 75 34 17 63 37 16 13 56 46 94 90 12 39 99 76 73 36 7 0 66 64 93 18
TEST 37 ARG:6 15 20 98 44 42 77 97 51 89 25 11 80 87 31 78 72 65 58 35 88 38 68 92 71 70 96 28 55 54 83 4 8 57 22 23 32 60 29 33 3 81 86 9 59 52 53 69 91 47 2 24 74 67 5 79 1 14 10 43 84 85 49 95 19 30 21 50 26 82 61 45 62 27 48 40 41 75 34 17 63 37 16 13 56 46 94 90 12 39 99 76 73 36 7 0 66 64 93 18
